4294967278,26
4294967278,25
4294967278,24
4294967278,23
4294967278,22
4294967278,21
4294967278,20
4294967278,19
4294967278,18
4294967278,17
4294967278,16
4294967278,15
4294967278,61
4294967278,60
4294967278,59
4294967278,58
4294967278,57
4294967278,56
4294967278,55
4294967278,54
4294967278,53
4294967278,52
4294967278,51
4294967278,50
4294967278,49
4294967278,48
4294967278,47
4294967278,338
4294967278,46
4294967278,45
4294967278,336
4294967278,44
4294967278,43
4294967278,42
4294967278,41
4294967278,40
4294967278,39
4294967278,38
4294967278,37
4294967278,36
4294967278,333
4294967278,35
4294967278,34
4294967278,33
4294967278,32
4294967278,31
4294967278,30
4294967278,29
4294967278,28
4294967278,27
4294967279,534
4294967279,529
4294967279,80
4294967279,79
4294967279,76
4294967279,75
4294967279,72
4294967279,70
4294967279,68
4294967279,67
4294967279,66
4294967279,64
4294967279,62
4294967279,61
4294967279,59
4294967279,58
4294967279,51
4294967279,49
4294967279,45
4294967279,43
4294967279,41
4294967279,40
4294967279,260
4294967279,38
4294967279,37
4294967279,33
4294967279,31
4294967279,26
4294967279,25
4294967279,24
4294967279,22
4294967279,18
4294967279,17
4294967279,13
4294967279,10
4294967279,297
4294967278,307
4294967279,189
4294967278,188
4294967279,188
4294967278,187
4294967294,421
4294967294,97
4294967294,106
4294967294,189
4294967294,184
4294967294,384
4294967294,1417
4294967279,187
4294967278,384
4294967278,185
4294967279,185
4294967278,184
4294967279,184
4294967278,183
4294967279,183
4294967278,182
4294967279,182
4294967278,181
4294967279,181
4294967278,180
4294967279,180
4294967278,179
4294967279,179
4294967278,178
4294967279,178
4294967278,177
4294967279,177
4294967278,176
4294967279,176
4294967278,175
4294967279,175
4294967278,173
4294967279,173
4294967278,172
4294967279,172
4294967278,171
4294967279,171
4294967278,170
4294967279,170
4294967278,169
4294967279,169
4294967279,168
4294967279,55
4294967279,292
4294967279,54
4294967279,165
4294967279,164
4294967279,163
4294967294,1421
4294967279,161
4294967278,298
4294967278,0
4294967279,47
4294967279,524
4294967279,46
4294967279,523
4294967279,157
4294967279,44
4294967279,155
4294967279,290
4294967279,154
4294967279,153
4294967279,150
4294967279,152
75,5
75,4
4294967279,151
75,3
75,2
75,1
4294967279,289
4294967279,149
4294967279,148
4294967279,147
4294967279,146
4294967294,388
4294967279,145
73,4
4294967279,144
73,3
73,2
73,1
4294967279,520
4294967294,1422
4294967279,143
4294967279,29
4294967279,140
4294967294,396
4294967294,395
4294967294,409
4294967294,413
4294967294,420
4294967294,179
4294967294,385
4294967294,407
4294967294,1005
4294967294,175
4294967294,113
4294967294,465
4294967279,30
4294967279,518
72,6
4294967279,28
4294967279,139
4294967279,556
4294967279,138
72,5
4294967279,23
4294967279,136
72,4
4294967279,135
72,3
72,2
72,1
4294967279,522
4294967294,479
4294967279,134
4294967279,20
4294967294,392
4294967294,89
4294967294,185
4294967294,1090
4294967294,995
4294967294,1009
4294967294,1007
4294967294,1094
4294967294,1092
4294967294,176
4294967279,270
4294967278,377
4294967279,21
4294967279,268
4294967279,269
71,5
4294967279,282
4294967279,279
71,4
71,3
71,2
71,1
4294967279,280
4294967279,277
4294967279,15
4294967279,516
4294967279,14
4294967279,12
4294967279,261
4294967279,275
70,5
4294967279,258
70,4
70,3
70,2
70,1
4294967279,257
4294967279,274
4294967279,255
4294967278,258
4294967279,254
4294967279,281
4294967278,370
4294967279,253
69,5
4294967278,257
4294967278,328
69,4
69,3
69,2
69,1
4294967294,468
4294967294,1001
4294967294,186
4294967294,1000
4294967294,1175
4294967294,38
4294967294,40
4294967294,36
4294967278,354
4294967278,353
4294967294,1
4294967294,478
4294967278,369
4294967278,351
4294967278,367
4294967278,325
4294967278,252
4294967294,393
4294967294,390
4294967294,389
4294967294,115
4294967294,424
4294967294,120
4294967294,114
4294967294,2
4294967278,253
4294967294,1095
4294967294,17
4294967294,99
4294967294,76
4294967278,251
4294967278,249
4294967278,246
67,4
67,3
67,2
67,1
4294967278,244
0,7
4294967294,387
4294967294,46
4294967294,29
4294967294,82
4294967278,243
4294967294,0
4294967279,174
4294967278,241
4294967278,239
4294967279,539
4294967279,0
4294967278,366
4294967294,475
4294967278,380
4294967278,235
4294967294,1173
4294967294,51
4294967294,52
4294967294,44
4294967294,43
4294967294,41
4294967294,42
4294967294,37
4294967278,233
4294967294,107
4294967294,91
4294967294,90
4294967294,87
4294967294,86
4294967294,85
4294967294,84
4294967294,1174
4294967294,1017
4294967294,419
4294967294,28
4294967294,1018
4294967294,53
